136 253 123
159 176 252
165 83 0
104 179 231
172 249 199
43 167 228
147 116 114
251 186 166
201 249 174
167 2 68
143 150 45
2 33 213
230 200 45
19 61 238
251 210 221
175 246 133
150 140 253
5 119 169
173 71 139
94 245 140
133 139 37
178 141 83
121 110 2
182 125 83
147 98 1
114 38 44
210 174 157
181 179 44
90 99 98
226 171 87
106 62 244
158 243 106
208 120 220
7 37 102
84 195 205
107 30 223
134 253 146
41 165 73
68 255 173
160 227 78
1 95 142
237 241 116
106 202 215
65 225 11
183 62 196
128 192 236
101 66 200
253 116 110
66 175 109
250 93 70
74 90 170
225 71 155
78 171 121
52 251 69
41 177 179
251 55 72
215 143 149
156 137 6
13 201 176
111 174 5
191 7 99
114 239 173
38 67 87
141 91 76
227 167 232
118 146 0
234 108 178
126 14 68
113 19 1
22 146 181
3 91 189
137 211 153
71 209 178
88 129 5
209 91 196
180 207 72
242 220 179
158 31 183
210 161 195
206 194 84
151 250 172
73 116 128
247 152 111
150 49 211
197 255 56
123 208 26
199 175 250
80 94 24
25 13 186
208 231 139
1 138 105
227 218 250
86 174 121
203 62 175
132 6 161
207 146 110
241 66 27
223 198 112
231 211 143
141 158 138
6 242 11
89 151 238
62 237 124
172 176 219
69 76 252
246 21 135
98 7 193
136 207 135
241 138 82
139 73 236
0 63 187
3 155 78
254 204 69
130 108 251
96 202 59
85 192 81
223 21 91
168 163 23
53 165 203
140 54 15
84 62 46
46 103 238
120 115 167
189 248 31
174 103 233
250 172 194
60 136 229
146 60 125
182 116 37
119 247 79
140 108 172
205 144 38
166 8 129
68 223 155
93 115 251
88 103 149
12 172 36
209 56 92
78 238 208
115 115 202
211 1 51
123 205 201
157 117 212
43 202 154
201 59 1
166 139 126
54 148 13
91 94 92
201 175 59
131 21 193
91 222 181
135 107 140
81 8 1
37 58 198
253 253 253
245 170 125
83 197 5
125 3 101
215 237 28
35 111 51
224 197 45
159 76 152
20 168 157
44 195 219
236 140 202
246 81 122
111 180 80
118 0 132
240 5 115
10 9 244
70 2 165
121 155 249
14 188 122
172 233 100
147 229 217
134 227 55
214 76 240
29 201 6
156 196 40
33 201 75
8 18 83
185 140 245
174 152 204
68 72 203
158 211 188
124 52 152
184 11 228
183 34 163
197 220 106
247 8 10
86 25 86
152 208 238
132 108 106
63 192 188
16 73 116
216 203 186
112 131 197
58 34 248
6 243 214
120 223 204
170 20 224
253 148 155
228 33 2
47 116 186
225 144 9
102 104 212
15 232 65
210 38 136
234 47 111
179 167 84
138 81 105
115 72 17
8 9 42
10 50 156
204 25 46
249 115 149
169 160 111
3 143 136
132 98 208
251 21 119
75 169 219
185 19 18
214 6 17
244 23 54
134 249 101
189 207 251
78 110 133
196 95 7
89 252 101
34 223 113
168 53 5
88 244 48
116 183 59
137 161 94
214 42 77
36 248 22
38 34 130
191 239 232
171 76 218
18 101 213
155 23 32
204 117 21
231 248 217
11 107 94
133 77 140
211 138 110
245 183 139
102 83 139
55 4 217
64 55 70
2 197 72
32 133 206
42 118 184
229 128 54
74 13 123
215 246 7
